EPOCHS = 40
BATCH_SIZE = 128
EMBED_DIM = 72
HIDDEN_SIZE = 18
MAX_LEN = 100
VOCAB_SIZE = 6874
CLASS_NUMS = 21
VALID_PRED = 3295
VALID_TRUE = 3485
P = 0.4685796269727403
R = 0.4955993930197269
F = 0.48171091445427733