EPOCHS = 50
BATCH_SIZE = 128
EMBED_DIM = 32
HIDDEN_SIZE = 12
MAX_LEN = 100
VOCAB_SIZE = 6874
CLASS_NUMS = 21
VALID_PRED = 2775
VALID_TRUE = 3485
P = 0.38737446197991393
R = 0.4864864864864865
F = 0.4313099041533547