EPOCHS = 40
BATCH_SIZE = 128
EMBED_DIM = 64
HIDDEN_SIZE = 16
MAX_LEN = 100
VOCAB_SIZE = 6874
CLASS_NUMS = 21
VALID_PRED = 3164
VALID_TRUE = 3485
P = 0.44275466284074605
R = 0.48767383059418457
F = 0.46412994435253424