EPOCHS = 40
BATCH_SIZE = 128
EMBED_DIM = 48
HIDDEN_SIZE = 16
MAX_LEN = 100
VOCAB_SIZE = 6874
CLASS_NUMS = 21
VALID_PRED = 2315
VALID_TRUE = 3485
P = 0.32568149210903874
R = 0.490280777537797
F = 0.3913793103448276